0 0 1
1 0 1
2 0 1
3 0 1
4 0 1
5 0 1
6 0 1
7 0 1
8 0 1
9 0 1
10 0 1
11 0 1
12 0 1
13 0 1
14 0 1
15 0 1
16 0 1
17 0 1
18 0 1
19 0 1
20 0 1
21 0 1
22 0 1
23 0 1
24 0 1
25 0 1
26 0 1
27 0 1
28 0 1
29 0 1
30 0 1
31 0 1
32 0 1
33 0 1
34 0 1
35 0 1
36 0 1
37 0 1
38 0 1
39 0 1
40 0 1
41 0 1
42 0 1
43 0 1
44 0 1
45 0 1
46 0 1
47 0 1
48 0 1
49 0 1
50 0 1
51 0 1
52 0 1
53 0 1
54 0 1
55 0 1
56 0 1
57 0 1
58 0 1
59 0 1
60 0 1
61 0 1
62 0 1
63 0 1
64 0 1
65 0 1
66 0 1
67 0 1
68 0 1
69 0 1
70 0 1
71 0 1
72 0 1
73 0 1
74 0 1
75 0 1
76 0 1
77 0 1
78 0 1
79 0 1
80 0 1
81 0 1
82 0 1
83 0 1
84 0 1
85 0 1
86 0 1
87 0 1
88 0 1
89 0 1
90 0 1
91 0 1
92 0 1
93 0 1
94 0 1
95 0 1
96 0 1
97 0 1
98 0 1
99 0 1
100 0 1
101 0 1
102 0 1
103 0 1
104 0 1
105 0 1
106 0 1
107 0 1
108 0 1
109 0 1
110 0 1
111 0 1
112 0 1
113 0 1
114 0 1
115 0 1
116 0 1
117 0 1
118 0 1
119 0 1
120 0 1
121 0 1
122 0 1
123 0 1
124 0 1
125 0 1
126 0 1
127 0 1
128 0 1
129 0 1
130 0 1
131 0 1
132 0 1
133 0 1
134 0 1
135 0 1
136 0 1
137 0 1
138 0 1
139 0 1
140 0 1
141 0 1
142 0 1
143 0 1
144 0 1
145 0 1
146 0 1
147 0 1
148 0 1
149 0 1
150 0 1
151 0 1
152 0 1
153 0 1
154 0 1
155 0 1
156 0 1
157 0 1
158 0 1
159 0 1
160 0 1
161 0 1
162 0 1
163 0 1
164 0 1
165 0 1
166 0 1
167 0 1
168 0 1
169 0 1
170 0 1
171 0 1
172 0 1
173 0 1
174 0 1
175 0 1
176 0 1
177 0 1
178 0 1
179 0 1
180 0 1
181 0 1
182 0 1
183 0 1
184 0 1
185 0 1
186 0 1
187 0 1
188 0 1
189 0 1
190 0 1
191 0 1
192 0 1
193 0 1
194 0 1
195 0 1
196 0 1
197 0 1
198 0 1
199 0 1
200 0 1
201 0 1
202 0 1
203 0 1
204 0 1
205 0 1
206 0 1
207 0 1
208 0 1
209 0 1
210 0 1
211 0 1
212 0 1
213 0 1
214 0 1
215 0 1
216 0 1
217 0 1
218 0 1
219 0 1
220 0 1
221 0 1
222 0 1
223 0 1
224 0 1
225 0 1
226 0 1
227 0 1
228 0 1
229 0 1
230 0 1
231 0 1
232 0 1
233 0 1
234 0 1
235 0 1
236 0 1
237 0 1
238 0 1
239 0 1
240 0 1
241 0 1
242 0 1
243 0 1
244 0 1
245 0 1
246 0 1
247 0 1
248 0 1
249 0 1
250 0 1
251 0 1
252 0 1
253 0 1
254 0 1
255 0 1
256 0 1
257 0 1
258 0 1
259 0 1
260 0 1
261 0 1
262 0 1
263 0 1
264 0 1
265 0 1
266 0 1
267 0 1
268 0 1
269 0 1
270 0 1
271 0 1
272 0 1
273 0 1
274 0 1
275 0 1
276 0 1
277 0 1
278 0 1
279 0 1
280 0 1
281 0 1
282 0 1
283 0 1
284 0 1
285 0 1
286 0 1
287 0 1
288 0 1
289 0 1
290 0 1
291 0 1
292 0 1
293 0 1
294 0 1
295 0 1
296 0 1
297 0 1
298 0 1
299 0 1
300 0 1
301 0 1
302 0 1
303 0 1
304 0 1
305 0 1
306 0 1
307 0 1
308 0 1
309 0 1
310 0 1
311 0 1
312 0 1
313 0 1
314 0 1
315 0 1
316 0 1
317 0 1
318 0 1
319 0 1
320 0 1
321 0 1
322 0 1
323 0 1
324 0 1
325 0 1
326 0 1
327 0 1
328 0 1
329 0 1
330 0 1
331 0 1
332 0 1
333 0 1
334 0 1
335 0 1
336 0 1
337 0 1
338 0 1
339 0 1
340 0 1
341 0 1
342 0 1
343 0 1
344 0 1
345 0 1
346 0 1
347 0 1
348 0 1
349 0 1
350 0 1
351 0 1
352 0 1
353 0 1
354 0 1
355 0 1
356 0 1
357 0 1
358 0 1
359 0 1
360 0 1
361 0 1
362 0 1
363 0 1
364 0 1
365 0 1
366 0 1
367 0 1
368 0 1
369 0 1
370 0 1
371 0 1
372 0 1
373 0 1
374 0 1
375 0 1
376 0 1
377 0 1
378 0 1
379 0 1
380 0 1
381 0 1
382 0 1
383 0 1
384 0 1
385 0 1
386 0 1
387 0 1
388 0 1
389 0 1
390 0 1
391 0 1
392 0 1
393 0 1
394 0 1
395 0 1
396 0 1
397 0 1
398 0 1
399 0 1
400 0 1
401 0 1
402 0 1
403 0 1
404 0 1
405 0 1
406 0 1
407 0 1
408 0 1
409 0 1
410 0 1
411 0 1
412 0 1
413 0 1
414 0 1
415 0 1
416 0 1
417 0 1
418 0 1
419 0 1
420 0 1
421 0 1
422 0 1
423 0 1
424 0 1
425 0 1
426 0 1
427 0 1
428 0 1
429 0 1
430 0 1
431 0 1
432 0 1
433 0 1
434 0 1
435 0 1
436 0 1
437 0 1
438 0 1
439 0 1
440 0 1
441 0 1
442 0 1
443 0 1
444 0 1
445 0 1
446 0 1
447 0 1
448 0 1
449 0 1
450 0 1
451 0 1
452 0 1
453 0 1
454 0 1
455 0 1
456 0 1
457 0 1
458 0 1
459 0 1
460 0 1
461 0 1
462 0 1
463 0 1
464 0 1
465 0 1
466 0 1
467 0 1
468 0 1
469 0 1
470 0 1
471 0 1
472 0 1
473 0 1
474 0 1
475 0 1
476 0 1
477 0 1
478 0 1
479 0 1
480 0 1
481 0 1
482 0 1
483 0 1
484 0 1
485 0 1
486 0 1
487 0 1
488 0 1
489 0 1
490 0 1
491 0 1
492 0 1
493 0 1
494 0 1
495 0 1
496 0 1
497 0 1
498 0 1
499 0 1
500 0 1
501 0 1
502 0 1
503 0 1
504 0 1
505 0 1
506 0 1
507 0 1
508 0 1
509 0 1
510 0 1
511 0 1
512 0 1
513 0 1
514 0 1
515 0 1
516 0 1
517 0 1
518 0 1
519 0 1
520 0 1
521 0 1
522 0 1
523 0 1
524 0 1
525 0 1
526 0 1
527 0 1
528 0 1
529 0 1
530 0 1
531 0 1
532 0 1
533 0 1
534 0 1
535 0 1
536 0 1
537 0 1
538 0 1
539 0 1
540 0 1
541 0 1
542 0 1
543 0 1
544 0 1
545 0 1
546 0 1
547 0 1
548 0 1
549 0 1
550 0 1
551 0 1
552 0 1
553 0 1
554 0 1
555 0 1
556 0 1
557 0 1
558 0 1
559 0 1
560 0 1
561 0 1
562 0 1
563 0 1
564 0 1
565 0 1
566 0 1
567 0 1
568 0 1
569 0 1
570 0 1
571 0 1
572 0 1
573 0 1
574 0 1
575 0 1
576 0 1
577 0 1
578 0 1
579 0 1
580 0 1
581 0 1
582 0 1
583 0 1
584 0 1
585 0 1
586 0 1
587 0 1
588 0 1
589 0 1
590 0 1
591 0 1
592 0 1
593 0 1
594 0 1
595 0 1
596 0 1
597 0 1
598 0 1
599 0 1
600 0 1
601 0 1
602 0 1
603 0 1
604 0 1
605 0 1
606 0 1
607 0 1
608 0 1
609 0 1
610 0 1
611 0 1
612 0 1
613 0 1
614 0 1
615 0 1
616 0 1
617 0 1
618 0 1
619 0 1
620 0 1
621 0 1
622 0 1
623 0 1
624 0 1
625 0 1
626 0 1
627 0 1
628 0 1
629 0 1
630 0 1
631 0 1
632 0 1
633 0 1
634 0 1
635 0 1
636 0 1
637 0 1
638 0 1
639 0 1
640 0 1
641 0 1
642 0 1
643 0 1
644 0 1
645 0 1
646 0 1
647 0 1
648 0 1
649 0 1
650 0 1
651 0 1
652 0 1
653 0 1
654 0 1
655 0 1
656 0 1
657 0 1
658 0 1
659 0 1
660 0 1
661 0 1
662 0 1
663 0 1
664 0 1
665 0 1
666 0 1
667 0 1
668 0 1
669 0 1
670 0 1
671 0 1
672 0 1
673 0 1
674 0 1
675 0 1
676 0 1
677 0 1
678 0 1
679 0 1
680 0 1
681 0 1
682 0 1
683 0 1
684 0 1
685 0 1
686 0 1
687 0 1
688 0 1
689 0 1
690 0 1
691 0 1
692 0 1
693 0 1
694 0 1
695 0 1
696 0 1
697 0 1
698 0 1
699 0 1
0 499 1
1 499 1
2 499 1
3 499 1
4 499 1
5 499 1
6 499 1
7 499 1
8 499 1
9 499 1
10 499 1
11 499 1
12 499 1
13 499 1
14 499 1
15 499 1
16 499 1
17 499 1
18 499 1
19 499 1
20 499 1
21 499 1
22 499 1
23 499 1
24 499 1
25 499 1
26 499 1
27 499 1
28 499 1
29 499 1
30 499 1
31 499 1
32 499 1
33 499 1
34 499 1
35 499 1
36 499 1
37 499 1
38 499 1
39 499 1
40 499 1
41 499 1
42 499 1
43 499 1
44 499 1
45 499 1
46 499 1
47 499 1
48 499 1
49 499 1
50 499 1
51 499 1
52 499 1
53 499 1
54 499 1
55 499 1
56 499 1
57 499 1
58 499 1
59 499 1
60 499 1
61 499 1
62 499 1
63 499 1
64 499 1
65 499 1
66 499 1
67 499 1
68 499 1
69 499 1
70 499 1
71 499 1
72 499 1
73 499 1
74 499 1
75 499 1
76 499 1
77 499 1
78 499 1
79 499 1
80 499 1
81 499 1
82 499 1
83 499 1
84 499 1
85 499 1
86 499 1
87 499 1
88 499 1
89 499 1
90 499 1
91 499 1
92 499 1
93 499 1
94 499 1
95 499 1
96 499 1
97 499 1
98 499 1
99 499 1
100 499 1
101 499 1
102 499 1
103 499 1
104 499 1
105 499 1
106 499 1
107 499 1
108 499 1
109 499 1
110 499 1
111 499 1
112 499 1
113 499 1
114 499 1
115 499 1
116 499 1
117 499 1
118 499 1
119 499 1
120 499 1
121 499 1
122 499 1
123 499 1
124 499 1
125 499 1
126 499 1
127 499 1
128 499 1
129 499 1
130 499 1
131 499 1
132 499 1
133 499 1
134 499 1
135 499 1
136 499 1
137 499 1
138 499 1
139 499 1
140 499 1
141 499 1
142 499 1
143 499 1
144 499 1
145 499 1
146 499 1
147 499 1
148 499 1
149 499 1
150 499 1
151 499 1
152 499 1
153 499 1
154 499 1
155 499 1
156 499 1
157 499 1
158 499 1
159 499 1
160 499 1
161 499 1
162 499 1
163 499 1
164 499 1
165 499 1
166 499 1
167 499 1
168 499 1
169 499 1
170 499 1
171 499 1
172 499 1
173 499 1
174 499 1
175 499 1
176 499 1
177 499 1
178 499 1
179 499 1
180 499 1
181 499 1
182 499 1
183 499 1
184 499 1
185 499 1
186 499 1
187 499 1
188 499 1
189 499 1
190 499 1
191 499 1
192 499 1
193 499 1
194 499 1
195 499 1
196 499 1
197 499 1
198 499 1
199 499 1
200 499 1
201 499 1
202 499 1
203 499 1
204 499 1
205 499 1
206 499 1
207 499 1
208 499 1
209 499 1
210 499 1
211 499 1
212 499 1
213 499 1
214 499 1
215 499 1
216 499 1
217 499 1
218 499 1
219 499 1
220 499 1
221 499 1
222 499 1
223 499 1
224 499 1
225 499 1
226 499 1
227 499 1
228 499 1
229 499 1
230 499 1
231 499 1
232 499 1
233 499 1
234 499 1
235 499 1
236 499 1
237 499 1
238 499 1
239 499 1
240 499 1
241 499 1
242 499 1
243 499 1
244 499 1
245 499 1
246 499 1
247 499 1
248 499 1
249 499 1
250 499 1
251 499 1
252 499 1
253 499 1
254 499 1
255 499 1
256 499 1
257 499 1
258 499 1
259 499 1
260 499 1
261 499 1
262 499 1
263 499 1
264 499 1
265 499 1
266 499 1
267 499 1
268 499 1
269 499 1
270 499 1
271 499 1
272 499 1
273 499 1
274 499 1
275 499 1
276 499 1
277 499 1
278 499 1
279 499 1
280 499 1
281 499 1
282 499 1
283 499 1
284 499 1
285 499 1
286 499 1
287 499 1
288 499 1
289 499 1
290 499 1
291 499 1
292 499 1
293 499 1
294 499 1
295 499 1
296 499 1
297 499 1
298 499 1
299 499 1
300 499 1
301 499 1
302 499 1
303 499 1
304 499 1
305 499 1
306 499 1
307 499 1
308 499 1
309 499 1
310 499 1
311 499 1
312 499 1
313 499 1
314 499 1
315 499 1
316 499 1
317 499 1
318 499 1
319 499 1
320 499 1
321 499 1
322 499 1
323 499 1
324 499 1
325 499 1
326 499 1
327 499 1
328 499 1
329 499 1
330 499 1
331 499 1
332 499 1
333 499 1
334 499 1
335 499 1
336 499 1
337 499 1
338 499 1
339 499 1
340 499 1
341 499 1
342 499 1
343 499 1
344 499 1
345 499 1
346 499 1
347 499 1
348 499 1
349 499 1
350 499 1
351 499 1
352 499 1
353 499 1
354 499 1
355 499 1
356 499 1
357 499 1
358 499 1
359 499 1
360 499 1
361 499 1
362 499 1
363 499 1
364 499 1
365 499 1
366 499 1
367 499 1
368 499 1
369 499 1
370 499 1
371 499 1
372 499 1
373 499 1
374 499 1
375 499 1
376 499 1
377 499 1
378 499 1
379 499 1
380 499 1
381 499 1
382 499 1
383 499 1
384 499 1
385 499 1
386 499 1
387 499 1
388 499 1
389 499 1
390 499 1
391 499 1
392 499 1
393 499 1
394 499 1
395 499 1
396 499 1
397 499 1
398 499 1
399 499 1
400 499 1
401 499 1
402 499 1
403 499 1
404 499 1
405 499 1
406 499 1
407 499 1
408 499 1
409 499 1
410 499 1
411 499 1
412 499 1
413 499 1
414 499 1
415 499 1
416 499 1
417 499 1
418 499 1
419 499 1
420 499 1
421 499 1
422 499 1
423 499 1
424 499 1
425 499 1
426 499 1
427 499 1
428 499 1
429 499 1
430 499 1
431 499 1
432 499 1
433 499 1
434 499 1
435 499 1
436 499 1
437 499 1
438 499 1
439 499 1
440 499 1
441 499 1
442 499 1
443 499 1
444 499 1
445 499 1
446 499 1
447 499 1
448 499 1
449 499 1
450 499 1
451 499 1
452 499 1
453 499 1
454 499 1
455 499 1
456 499 1
457 499 1
458 499 1
459 499 1
460 499 1
461 499 1
462 499 1
463 499 1
464 499 1
465 499 1
466 499 1
467 499 1
468 499 1
469 499 1
470 499 1
471 499 1
472 499 1
473 499 1
474 499 1
475 499 1
476 499 1
477 499 1
478 499 1
479 499 1
480 499 1
481 499 1
482 499 1
483 499 1
484 499 1
485 499 1
486 499 1
487 499 1
488 499 1
489 499 1
490 499 1
491 499 1
492 499 1
493 499 1
494 499 1
495 499 1
496 499 1
497 499 1
498 499 1
499 499 1
500 499 1
501 499 1
502 499 1
503 499 1
504 499 1
505 499 1
506 499 1
507 499 1
508 499 1
509 499 1
510 499 1
511 499 1
512 499 1
513 499 1
514 499 1
515 499 1
516 499 1
517 499 1
518 499 1
519 499 1
520 499 1
521 499 1
522 499 1
523 499 1
524 499 1
525 499 1
526 499 1
527 499 1
528 499 1
529 499 1
530 499 1
531 499 1
532 499 1
533 499 1
534 499 1
535 499 1
536 499 1
537 499 1
538 499 1
539 499 1
540 499 1
541 499 1
542 499 1
543 499 1
544 499 1
545 499 1
546 499 1
547 499 1
548 499 1
549 499 1
550 499 1
551 499 1
552 499 1
553 499 1
554 499 1
555 499 1
556 499 1
557 499 1
558 499 1
559 499 1
560 499 1
561 499 1
562 499 1
563 499 1
564 499 1
565 499 1
566 499 1
567 499 1
568 499 1
569 499 1
570 499 1
571 499 1
572 499 1
573 499 1
574 499 1
575 499 1
576 499 1
577 499 1
578 499 1
579 499 1
580 499 1
581 499 1
582 499 1
583 499 1
584 499 1
585 499 1
586 499 1
587 499 1
588 499 1
589 499 1
590 499 1
591 499 1
592 499 1
593 499 1
594 499 1
595 499 1
596 499 1
597 499 1
598 499 1
599 499 1
600 499 1
601 499 1
602 499 1
603 499 1
604 499 1
605 499 1
606 499 1
607 499 1
608 499 1
609 499 1
610 499 1
611 499 1
612 499 1
613 499 1
614 499 1
615 499 1
616 499 1
617 499 1
618 499 1
619 499 1
620 499 1
621 499 1
622 499 1
623 499 1
624 499 1
625 499 1
626 499 1
627 499 1
628 499 1
629 499 1
630 499 1
631 499 1
632 499 1
633 499 1
634 499 1
635 499 1
636 499 1
637 499 1
638 499 1
639 499 1
640 499 1
641 499 1
642 499 1
643 499 1
644 499 1
645 499 1
646 499 1
647 499 1
648 499 1
649 499 1
650 499 1
651 499 1
652 499 1
653 499 1
654 499 1
655 499 1
656 499 1
657 499 1
658 499 1
659 499 1
660 499 1
661 499 1
662 499 1
663 499 1
664 499 1
665 499 1
666 499 1
667 499 1
668 499 1
669 499 1
670 499 1
671 499 1
672 499 1
673 499 1
674 499 1
675 499 1
676 499 1
677 499 1
678 499 1
679 499 1
680 499 1
681 499 1
682 499 1
683 499 1
684 499 1
685 499 1
686 499 1
687 499 1
688 499 1
689 499 1
690 499 1
691 499 1
692 499 1
693 499 1
694 499 1
695 499 1
696 499 1
697 499 1
698 499 1
699 499 1
0 0 1
0 1 1
0 2 1
0 3 1
0 4 1
0 5 1
0 6 1
0 7 1
0 8 1
0 9 1
0 10 1
0 11 1
0 12 1
0 13 1
0 14 1
0 15 1
0 16 1
0 17 1
0 18 1
0 19 1
0 20 1
0 21 1
0 22 1
0 23 1
0 24 1
0 25 1
0 26 1
0 27 1
0 28 1
0 29 1
0 30 1
0 31 1
0 32 1
0 33 1
0 34 1
0 35 1
0 36 1
0 37 1
0 38 1
0 39 1
0 40 1
0 41 1
0 42 1
0 43 1
0 44 1
0 45 1
0 46 1
0 47 1
0 48 1
0 49 1
0 50 1
0 51 1
0 52 1
0 53 1
0 54 1
0 55 1
0 56 1
0 57 1
0 58 1
0 59 1
0 60 1
0 61 1
0 62 1
0 63 1
0 64 1
0 65 1
0 66 1
0 67 1
0 68 1
0 69 1
0 70 1
0 71 1
0 72 1
0 73 1
0 74 1
0 75 1
0 76 1
0 77 1
0 78 1
0 79 1
0 80 1
0 81 1
0 82 1
0 83 1
0 84 1
0 85 1
0 86 1
0 87 1
0 88 1
0 89 1
0 90 1
0 91 1
0 92 1
0 93 1
0 94 1
0 95 1
0 96 1
0 97 1
0 98 1
0 99 1
0 100 1
0 101 1
0 102 1
0 103 1
0 104 1
0 105 1
0 106 1
0 107 1
0 108 1
0 109 1
0 110 1
0 111 1
0 112 1
0 113 1
0 114 1
0 115 1
0 116 1
0 117 1
0 118 1
0 119 1
0 120 1
0 121 1
0 122 1
0 123 1
0 124 1
0 125 1
0 126 1
0 127 1
0 128 1
0 129 1
0 130 1
0 131 1
0 132 1
0 133 1
0 134 1
0 135 1
0 136 1
0 137 1
0 138 1
0 139 1
0 140 1
0 141 1
0 142 1
0 143 1
0 144 1
0 145 1
0 146 1
0 147 1
0 148 1
0 149 1
0 150 1
0 151 1
0 152 1
0 153 1
0 154 1
0 155 1
0 156 1
0 157 1
0 158 1
0 159 1
0 160 1
0 161 1
0 162 1
0 163 1
0 164 1
0 165 1
0 166 1
0 167 1
0 168 1
0 169 1
0 170 1
0 171 1
0 172 1
0 173 1
0 174 1
0 175 1
0 176 1
0 177 1
0 178 1
0 179 1
0 180 1
0 181 1
0 182 1
0 183 1
0 184 1
0 185 1
0 186 1
0 187 1
0 188 1
0 189 1
0 190 1
0 191 1
0 192 1
0 193 1
0 194 1
0 195 1
0 196 1
0 197 1
0 198 1
0 199 1
0 200 1
0 201 1
0 202 1
0 203 1
0 204 1
0 205 1
0 206 1
0 207 1
0 208 1
0 209 1
0 210 1
0 211 1
0 212 1
0 213 1
0 214 1
0 215 1
0 216 1
0 217 1
0 218 1
0 219 1
0 220 1
0 221 1
0 222 1
0 223 1
0 224 1
0 225 1
0 226 1
0 227 1
0 228 1
0 229 1
0 230 1
0 231 1
0 232 1
0 233 1
0 234 1
0 235 1
0 236 1
0 237 1
0 238 1
0 239 1
0 240 1
0 241 1
0 242 1
0 243 1
0 244 1
0 245 1
0 246 1
0 247 1
0 248 1
0 249 1
0 250 1
0 251 1
0 252 1
0 253 1
0 254 1
0 255 1
0 256 1
0 257 1
0 258 1
0 259 1
0 260 1
0 261 1
0 262 1
0 263 1
0 264 1
0 265 1
0 266 1
0 267 1
0 268 1
0 269 1
0 270 1
0 271 1
0 272 1
0 273 1
0 274 1
0 275 1
0 276 1
0 277 1
0 278 1
0 279 1
0 280 1
0 281 1
0 282 1
0 283 1
0 284 1
0 285 1
0 286 1
0 287 1
0 288 1
0 289 1
0 290 1
0 291 1
0 292 1
0 293 1
0 294 1
0 295 1
0 296 1
0 297 1
0 298 1
0 299 1
0 300 1
0 301 1
0 302 1
0 303 1
0 304 1
0 305 1
0 306 1
0 307 1
0 308 1
0 309 1
0 310 1
0 311 1
0 312 1
0 313 1
0 314 1
0 315 1
0 316 1
0 317 1
0 318 1
0 319 1
0 320 1
0 321 1
0 322 1
0 323 1
0 324 1
0 325 1
0 326 1
0 327 1
0 328 1
0 329 1
0 330 1
0 331 1
0 332 1
0 333 1
0 334 1
0 335 1
0 336 1
0 337 1
0 338 1
0 339 1
0 340 1
0 341 1
0 342 1
0 343 1
0 344 1
0 345 1
0 346 1
0 347 1
0 348 1
0 349 1
0 350 1
0 351 1
0 352 1
0 353 1
0 354 1
0 355 1
0 356 1
0 357 1
0 358 1
0 359 1
0 360 1
0 361 1
0 362 1
0 363 1
0 364 1
0 365 1
0 366 1
0 367 1
0 368 1
0 369 1
0 370 1
0 371 1
0 372 1
0 373 1
0 374 1
0 375 1
0 376 1
0 377 1
0 378 1
0 379 1
0 380 1
0 381 1
0 382 1
0 383 1
0 384 1
0 385 1
0 386 1
0 387 1
0 388 1
0 389 1
0 390 1
0 391 1
0 392 1
0 393 1
0 394 1
0 395 1
0 396 1
0 397 1
0 398 1
0 399 1
0 400 1
0 401 1
0 402 1
0 403 1
0 404 1
0 405 1
0 406 1
0 407 1
0 408 1
0 409 1
0 410 1
0 411 1
0 412 1
0 413 1
0 414 1
0 415 1
0 416 1
0 417 1
0 418 1
0 419 1
0 420 1
0 421 1
0 422 1
0 423 1
0 424 1
0 425 1
0 426 1
0 427 1
0 428 1
0 429 1
0 430 1
0 431 1
0 432 1
0 433 1
0 434 1
0 435 1
0 436 1
0 437 1
0 438 1
0 439 1
0 440 1
0 441 1
0 442 1
0 443 1
0 444 1
0 445 1
0 446 1
0 447 1
0 448 1
0 449 1
0 450 1
0 451 1
0 452 1
0 453 1
0 454 1
0 455 1
0 456 1
0 457 1
0 458 1
0 459 1
0 460 1
0 461 1
0 462 1
0 463 1
0 464 1
0 465 1
0 466 1
0 467 1
0 468 1
0 469 1
0 470 1
0 471 1
0 472 1
0 473 1
0 474 1
0 475 1
0 476 1
0 477 1
0 478 1
0 479 1
0 480 1
0 481 1
0 482 1
0 483 1
0 484 1
0 485 1
0 486 1
0 487 1
0 488 1
0 489 1
0 490 1
0 491 1
0 492 1
0 493 1
0 494 1
0 495 1
0 496 1
0 497 1
0 498 1
0 499 1
699 0 1
699 1 1
699 2 1
699 3 1
699 4 1
699 5 1
699 6 1
699 7 1
699 8 1
699 9 1
699 10 1
699 11 1
699 12 1
699 13 1
699 14 1
699 15 1
699 16 1
699 17 1
699 18 1
699 19 1
699 20 1
699 21 1
699 22 1
699 23 1
699 24 1
699 25 1
699 26 1
699 27 1
699 28 1
699 29 1
699 30 1
699 31 1
699 32 1
699 33 1
699 34 1
699 35 1
699 36 1
699 37 1
699 38 1
699 39 1
699 40 1
699 41 1
699 42 1
699 43 1
699 44 1
699 45 1
699 46 1
699 47 1
699 48 1
699 49 1
699 50 1
699 51 1
699 52 1
699 53 1
699 54 1
699 55 1
699 56 1
699 57 1
699 58 1
699 59 1
699 60 1
699 61 1
699 62 1
699 63 1
699 64 1
699 65 1
699 66 1
699 67 1
699 68 1
699 69 1
699 70 1
699 71 1
699 72 1
699 73 1
699 74 1
699 75 1
699 76 1
699 77 1
699 78 1
699 79 1
699 80 1
699 81 1
699 82 1
699 83 1
699 84 1
699 85 1
699 86 1
699 87 1
699 88 1
699 89 1
699 90 1
699 91 1
699 92 1
699 93 1
699 94 1
699 95 1
699 96 1
699 97 1
699 98 1
699 99 1
699 100 1
699 101 1
699 102 1
699 103 1
699 104 1
699 105 1
699 106 1
699 107 1
699 108 1
699 109 1
699 110 1
699 111 1
699 112 1
699 113 1
699 114 1
699 115 1
699 116 1
699 117 1
699 118 1
699 119 1
699 120 1
699 121 1
699 122 1
699 123 1
699 124 1
699 125 1
699 126 1
699 127 1
699 128 1
699 129 1
699 130 1
699 131 1
699 132 1
699 133 1
699 134 1
699 135 1
699 136 1
699 137 1
699 138 1
699 139 1
699 140 1
699 141 1
699 142 1
699 143 1
699 144 1
699 145 1
699 146 1
699 147 1
699 148 1
699 149 1
699 150 1
699 151 1
699 152 1
699 153 1
699 154 1
699 155 1
699 156 1
699 157 1
699 158 1
699 159 1
699 160 1
699 161 1
699 162 1
699 163 1
699 164 1
699 165 1
699 166 1
699 167 1
699 168 1
699 169 1
699 170 1
699 171 1
699 172 1
699 173 1
699 174 1
699 175 1
699 176 1
699 177 1
699 178 1
699 179 1
699 180 1
699 181 1
699 182 1
699 183 1
699 184 1
699 185 1
699 186 1
699 187 1
699 188 1
699 189 1
699 190 1
699 191 1
699 192 1
699 193 1
699 194 1
699 195 1
699 196 1
699 197 1
699 198 1
699 199 1
699 200 1
699 201 1
699 202 1
699 203 1
699 204 1
699 205 1
699 206 1
699 207 1
699 208 1
699 209 1
699 210 1
699 211 1
699 212 1
699 213 1
699 214 1
699 215 1
699 216 1
699 217 1
699 218 1
699 219 1
699 220 1
699 221 1
699 222 1
699 223 1
699 224 1
699 225 1
699 226 1
699 227 1
699 228 1
699 229 1
699 230 1
699 231 1
699 232 1
699 233 1
699 234 1
699 235 1
699 236 1
699 237 1
699 238 1
699 239 1
699 240 1
699 241 1
699 242 1
699 243 1
699 244 1
699 245 1
699 246 1
699 247 1
699 248 1
699 249 1
699 250 1
699 251 1
699 252 1
699 253 1
699 254 1
699 255 1
699 256 1
699 257 1
699 258 1
699 259 1
699 260 1
699 261 1
699 262 1
699 263 1
699 264 1
699 265 1
699 266 1
699 267 1
699 268 1
699 269 1
699 270 1
699 271 1
699 272 1
699 273 1
699 274 1
699 275 1
699 276 1
699 277 1
699 278 1
699 279 1
699 280 1
699 281 1
699 282 1
699 283 1
699 284 1
699 285 1
699 286 1
699 287 1
699 288 1
699 289 1
699 290 1
699 291 1
699 292 1
699 293 1
699 294 1
699 295 1
699 296 1
699 297 1
699 298 1
699 299 1
699 300 1
699 301 1
699 302 1
699 303 1
699 304 1
699 305 1
699 306 1
699 307 1
699 308 1
699 309 1
699 310 1
699 311 1
699 312 1
699 313 1
699 314 1
699 315 1
699 316 1
699 317 1
699 318 1
699 319 1
699 320 1
699 321 1
699 322 1
699 323 1
699 324 1
699 325 1
699 326 1
699 327 1
699 328 1
699 329 1
699 330 1
699 331 1
699 332 1
699 333 1
699 334 1
699 335 1
699 336 1
699 337 1
699 338 1
699 339 1
699 340 1
699 341 1
699 342 1
699 343 1
699 344 1
699 345 1
699 346 1
699 347 1
699 348 1
699 349 1
699 350 1
699 351 1
699 352 1
699 353 1
699 354 1
699 355 1
699 356 1
699 357 1
699 358 1
699 359 1
699 360 1
699 361 1
699 362 1
699 363 1
699 364 1
699 365 1
699 366 1
699 367 1
699 368 1
699 369 1
699 370 1
699 371 1
699 372 1
699 373 1
699 374 1
699 375 1
699 376 1
699 377 1
699 378 1
699 379 1
699 380 1
699 381 1
699 382 1
699 383 1
699 384 1
699 385 1
699 386 1
699 387 1
699 388 1
699 389 1
699 390 1
699 391 1
699 392 1
699 393 1
699 394 1
699 395 1
699 396 1
699 397 1
699 398 1
699 399 1
699 400 1
699 401 1
699 402 1
699 403 1
699 404 1
699 405 1
699 406 1
699 407 1
699 408 1
699 409 1
699 410 1
699 411 1
699 412 1
699 413 1
699 414 1
699 415 1
699 416 1
699 417 1
699 418 1
699 419 1
699 420 1
699 421 1
699 422 1
699 423 1
699 424 1
699 425 1
699 426 1
699 427 1
699 428 1
699 429 1
699 430 1
699 431 1
699 432 1
699 433 1
699 434 1
699 435 1
699 436 1
699 437 1
699 438 1
699 439 1
699 440 1
699 441 1
699 442 1
699 443 1
699 444 1
699 445 1
699 446 1
699 447 1
699 448 1
699 449 1
699 450 1
699 451 1
699 452 1
699 453 1
699 454 1
699 455 1
699 456 1
699 457 1
699 458 1
699 459 1
699 460 1
699 461 1
699 462 1
699 463 1
699 464 1
699 465 1
699 466 1
699 467 1
699 468 1
699 469 1
699 470 1
699 471 1
699 472 1
699 473 1
699 474 1
699 475 1
699 476 1
699 477 1
699 478 1
699 479 1
699 480 1
699 481 1
699 482 1
699 483 1
699 484 1
699 485 1
699 486 1
699 487 1
699 488 1
699 489 1
699 490 1
699 491 1
699 492 1
699 493 1
699 494 1
699 495 1
699 496 1
699 497 1
699 498 1
699 499 1
349 499 1
350 499 1
349 498 1
350 498 1
349 497 1
350 497 1
349 496 1
350 496 1
349 495 1
350 495 1
349 494 1
350 494 1
349 493 1
350 493 1
349 492 1
350 492 1
349 491 1
350 491 1
349 490 1
350 490 1
349 489 1
350 489 1
349 488 1
350 488 1
349 487 1
350 487 1
349 486 1
350 486 1
349 485 1
350 485 1
349 484 1
350 484 1
349 483 1
350 483 1
349 482 1
350 482 1
349 481 1
350 481 1
349 480 1
350 480 1
349 479 1
350 479 1
349 478 1
350 478 1
349 477 1
350 477 1
349 476 1
350 476 1
349 475 1
350 475 1
349 474 1
350 474 1
349 473 1
350 473 1
349 472 1
350 472 1
349 471 1
350 471 1
349 470 1
350 470 1
349 469 1
350 469 1
