500
b 153 110 193 136
b 423 89 500 117
b 141 225 159 295
b 70 311 104 365
b 105 281 199 283
b 381 111 415 193
b 85 342 109 358
b 220 335 252 431
b 126 242 166 314
b 42 384 64 454
b 421 117 479 153
b 369 427 427 467
b 295 134 343 138
b 432 1 500 34
b 89 194 137 234
b 413 439 425 467
b 1 389 29 425
b 382 83 410 91
b 224 31 232 57
b 151 329 185 417
b 187 418 193 424
b 323 231 373 237
b 12 152 106 192
b 47 325 57 425
b 416 341 436 427
b 311 403 329 415
b 62 41 138 69
b 304 450 316 456
b 255 187 331 205
b 498 273 500 311
b 485 45 500 107
b 92 158 144 174
b 404 208 480 246
b 306 354 308 422
b 377 37 419 69
b 359 370 431 402
b 370 134 396 160
b 271 177 289 187
b 23 408 59 484
b 204 269 236 299
b 140 55 142 155
b 73 80 111 134
b 258 260 272 262
b 390 1 396 13
b 160 434 176 454
b 381 476 395 482
b 415 483 489 500
b 414 178 442 212
b 48 385 86 457
b 4 54 18 74
b 209 28 227 46
b 172 94 192 138
b 92 390 122 396
b 155 430 189 500
b 67 242 165 268
b 244 125 254 203
b 433 308 475 338
b 198 238 236 258
b 458 91 500 101
b 66 321 88 335
b 430 213 448 255
b 180 436 212 438
b 119 471 155 500
b 466 106 474 146
b 477 169 500 191
b 39 494 67 500
b 130 145 230 165
b 56 477 118 500
b 13 454 35 498
b 269 401 289 425
b 466 242 488 306
b 405 399 427 487
b 297 99 323 121
b 1 88 14 106
b 276 1 304 27
b 129 134 167 154
b 469 324 473 352
b 235 1 259 43
b 169 449 191 457
b 461 340 481 360
b 337 369 357 373
b 1 229 28 287
b 152 40 164 58
b 167 286 199 330
b 271 82 275 92
b 9 124 19 186
b 306 117 334 131
b 298 221 386 247
b 305 219 319 241
b 6 254 22 348
t 240 280 278 397 6
t 384 249 451 275 6
t 46 33 78 143 5
t 241 120 340 161 4
t 38 17 34 84 10
t 230 188 230 196 6
t 278 269 267 164 2
t 472 361 449 411 8
t 206 235 155 178 7
t 46 65 6 14 1
t 373 37 366 27 6
t 273 266 386 309 3
t 264 227 299 345 4
t 118 126 44 218 8
t 140 464 114 379 9
t 21 440 82 381 4
t 284 169 195 224 2
t 365 103 481 73 10
t 171 190 224 115 10
t 300 305 421 335 6
t 462 303 373 328 1
t 46 273 33 329 9
t 298 463 388 490 8
t 336 324 430 337 5
t 193 486 197 432 6
t 326 147 351 124 3
t 168 241 178 184 9
t 262 25 260 2 2
t 367 78 247 45 3
t 154 179 74 231 6
t 359 451 441 392 10
t 330 477 304 405 7
t 63 305 136 365 7
t 396 415 332 492 4
t 152 82 204 66 3
t 481 232 397 292 10
t 229 491 120 436 4
t 466 425 483 457 6
t 349 441 294 498 1
t 383 351 282 279 10
t 293 118 384 80 4
t 348 436 264 470 5
t 116 271 63 322 6
t 492 309 449 253 6
t 254 248 320 280 1
t 499 360 473 476 2
t 123 411 202 435 10
t 94 33 70 23 10
t 268 326 275 382 9
t 333 219 294 229 1
