2000
b 247 1529 465 1603
b 1688 1274 1692 1276
b 1756 1094 1824 1108
b 1171 1990 1383 2000
b 1512 1520 1680 1562
b 400 911 430 1015
b 892 1609 962 1691
b 1687 1 1699 118
b 1384 1460 1580 1476
b 469 253 487 299
b 1397 684 1437 792
b 322 1756 452 1832
b 328 1635 352 1637
b 20 1073 218 1135
b 1711 1895 1759 1913
b 1842 720 1880 762
b 1199 1212 1385 1262
b 816 1257 870 1405
b 519 650 587 786
b 226 444 434 484
b 360 1357 370 1495
b 1662 1156 1720 1200
b 988 61 1046 259
b 247 1077 269 1289
b 1140 1919 1216 1929
b 402 1865 410 1907
b 1927 1021 2000 1095
b 1018 736 1068 862
b 1230 734 1276 948
b 1192 772 1374 828
b 1485 1557 1657 1637
b 988 576 1144 634
b 580 453 648 485
b 673 628 783 688
b 13 120 71 348
b 478 1447 526 1559
b 83 747 113 825
b 298 1931 340 1989
b 1567 234 1613 410
b 405 984 603 1060
b 126 1155 138 1389
b 993 585 1033 733
b 863 1356 967 1422
b 1963 743 2000 761
b 1033 1865 1073 1891
b 1388 803 1456 867
b 1163 1180 1231 1226
b 447 387 501 505
b 160 366 330 398
b 1727 1567 1791 1641
b 614 1391 842 1417
b 637 1954 655 2000
b 533 1381 731 1395
b 1873 419 2000 461
b 1634 555 1778 615
b 131 904 183 976
b 1 1128 86 1178
b 718 1491 842 1531
b 749 251 767 413
b 583 1330 645 1348
b 1332 1927 1362 1947
b 773 797 839 897
b 1682 1248 1718 1440
b 806 1851 884 1903
b 16 1652 232 1660
b 552 71 562 283
b 1066 1256 1126 1432
b 486 861 548 873
b 832 543 876 709
b 1340 825 1402 827
b 1861 1546 1897 1582
b 735 686 771 702
b 733 1251 801 1279
b 57 298 75 364
b 6 389 18 615
b 287 1239 327 1259
b 1378 456 1388 520
b 433 178 439 256
b 7 1159 11 1261
b 919 452 1033 468
b 1656 1530 1674 1532
b 1691 549 1901 563
b 1333 1520 1357 1562
b 528 1068 730 1108
b 1514 292 1698 324
b 783 191 853 273
b 1578 871 1662 911
b 244 693 432 761
b 1196 664 1224 716
b 968 1832 1188 1852
b 271 253 353 259
b 1448 207 1556 235
b 1828 627 1862 639
b 1474 1772 1476 1858
b 1495 689 1561 771
b 1446 1378 1640 1388
b 600 589 658 683
b 147 1247 153 1317
b 290 422 528 456
b 1158 833 1232 1013
b 1196 1362 1286 1366
b 1792 894 1846 1074
b 1074 848 1090 1024
b 1006 1751 1070 1987
b 289 658 295 862
b 1159 1107 1181 1127
b 1857 483 1993 501
b 227 1594 443 1644
b 921 373 935 559
b 226 927 334 1001
b 411 911 623 931
b 954 913 1016 965
b 1261 309 1265 471
b 581 527 645 705
b 76 1446 96 1576
b 610 1906 690 1952
b 63 1541 69 1601
b 1010 60 1038 298
b 434 928 502 968
b 1188 440 1260 488
b 150 1457 242 1481
b 1608 1 1676 91
b 1918 795 1992 827
b 1970 1055 1984 1263
b 1166 1395 1194 1457
b 1311 1782 1431 1796
b 403 82 465 146
b 411 623 511 643
b 523 105 589 225
b 544 1470 546 1572
b 630 255 678 265
b 823 1808 833 1822
b 402 1321 574 1383
b 964 271 978 311
b 687 1364 721 1370
b 1557 102 1779 178
b 537 69 577 195
b 1356 1545 1364 1733
b 806 1132 848 1196
b 602 1949 604 2000
b 45 1311 229 1361
b 1049 1103 1115 1241
b 977 416 1007 426
b 309 517 515 551
b 1688 651 1872 715
b 1266 1344 1466 1348
b 469 1137 541 1139
b 1859 104 1921 114
b 1404 300 1632 304
b 1618 1724 1634 1806
b 1549 955 1591 1003
b 1 1279 32 1333
b 656 562 728 570
b 768 220 810 272
b 1647 782 1701 864
b 328 15 450 73
b 1860 308 1968 328
b 179 929 411 933
b 573 328 577 482
b 1415 1861 1587 1865
b 880 1165 946 1289
b 862 1858 878 1864
b 907 965 953 1187
b 233 121 249 179
b 1892 1407 1946 1463
b 995 1238 1059 1418
b 1822 1273 1956 1319
b 1658 1422 1844 1482
b 289 718 299 722
b 353 162 427 168
b 566 1584 604 1592
b 873 214 1061 246
b 1942 1468 2000 1686
b 1379 502 1383 570
b 892 1358 964 1360
b 202 1674 442 1746
b 1090 298 1262 368
b 347 596 413 606
b 339 1775 417 1823
b 6 1 38 138
b 1772 1212 1818 1314
b 1721 180 1729 252
b 7 1025 37 1079
b 1803 1600 1857 1836
b 1864 647 1986 705
b 242 77 310 247
b 737 1523 799 1559
b 955 934 1135 936
b 1585 409 1639 419
b 1572 49 1632 127
b 979 1062 1045 1266
b 364 955 386 1005
b 1938 1153 1986 1205
b 1679 1819 1721 1823
b 802 1272 870 1352
b 10 944 42 1060
b 19 432 67 582
b 1027 1796 1089 1866
b 817 823 1015 849
b 88 1544 230 1624
b 1606 600 1680 734
b 417 288 617 300
b 1 882 99 958
b 178 1441 242 1613
b 730 10 866 28
b 1105 698 1293 756
b 733 599 805 649
b 1621 559 1665 609
b 1258 1419 1394 1429
b 375 846 431 926
b 1460 54 1476 166
b 1547 490 1571 722
b 656 1372 674 1550
b 1063 1772 1137 1994
b 1541 234 1601 394
b 221 662 299 748
b 1504 1454 1520 1544
b 1125 663 1183 789
b 1699 1565 1901 1583
b 1098 1363 1118 1557
b 961 1139 1023 1141
b 1365 257 1431 389
b 158 1130 164 1142
b 1360 1437 1560 1441
b 1500 1009 1502 1235
b 72 528 100 554
b 1728 1052 1754 1200
b 1383 541 1407 665
b 125 43 305 61
b 1577 193 1753 265
b 1168 833 1190 959
b 835 1867 877 1909
b 1647 502 1717 684
b 991 1017 1085 1041
b 238 1774 308 1862
b 1 1205 23 1393
b 706 1615 726 1723
b 943 1264 1005 1332
b 430 1813 442 1937
b 153 1585 219 1765
b 157 802 167 912
b 1652 1842 1710 1854
b 1108 1873 1266 1953
b 1818 441 1842 465
b 1779 215 1823 439
b 710 961 756 1197
b 1484 1766 1644 1802
b 979 623 1041 757
b 121 297 193 377
b 469 637 543 757
t 588 1617 309 1266 88
t 1202 229 1221 281 66
t 832 767 622 719 24
t 1951 398 1584 643 6
t 1376 51 1401 506 76
t 1535 1961 1463 1550 82
t 1462 414 1450 286 85
t 670 309 816 669 25
t 1368 1042 1688 1218 22
t 751 1454 427 1405 46
t 1390 993 1310 831 11
t 677 214 680 185 21
t 577 1667 859 1799 32
t 407 281 350 355 6
t 1852 1587 1553 1369 73
t 1936 1945 1644 1821 81
t 736 319 315 586 49
t 628 51 855 417 52
t 1602 1823 1622 1878 90
t 343 1355 264 1766 24
t 575 1655 405 1854 10
t 1211 1161 1424 1506 4
t 1235 1859 1563 1757 34
t 1555 127 1138 23 94
t 735 1330 802 1038 59
t 1333 548 1535 248 58
t 908 1736 546 1436 5
t 278 299 639 75 52
t 326 324 803 175 25
t 1538 1322 1534 1017 33
t 349 968 127 1152 94
t 418 326 670 469 83
t 1017 820 911 343 34
t 475 902 132 782 25
t 757 1899 601 1978 76
t 290 1355 606 1558 29
t 409 1308 229 1282 94
t 1557 934 1609 471 88
t 617 270 822 499 32
t 1054 50 702 298 25
t 274 1362 509 1700 5
t 862 765 742 746 50
t 423 1087 384 1439 15
t 601 761 361 869 93
t 34 1202 112 1147 14
t 1332 939 1176 519 19
t 1348 617 1097 728 57
t 925 251 1289 390 46
t 1782 504 1860 474 55
t 1860 1442 1811 1889 46
