2000
b 1755 1279 1823 1313
b 478 989 630 1001
b 1253 1509 1373 1515
b 206 532 366 564
b 1560 1232 1622 1336
b 670 1430 678 1610
b 498 1621 614 1667
b 422 1203 446 1223
b 591 704 677 764
b 1591 1756 1621 1916
b 1105 1790 1279 1868
b 678 1573 750 1685
b 1311 1387 1355 1565
b 1197 374 1257 376
b 1240 569 1264 639
b 1513 244 1561 302
b 1589 253 1675 313
b 806 1889 872 2000
b 686 847 716 939
b 1187 1689 1227 1825
b 1284 1778 1428 1828
b 775 1770 895 1776
b 1241 722 1267 890
b 1007 774 1169 792
b 1247 998 1327 1012
b 47 1202 89 1224
b 1343 956 1395 1008
b 1073 1213 1113 1259
b 553 1429 563 1453
b 1965 1472 2000 1518
b 421 1 597 36
b 301 1747 373 1873
b 1673 1303 1735 1393
b 306 1405 372 1433
b 420 860 482 1026
b 750 679 814 739
b 607 1794 679 1822
b 1801 83 1861 185
b 1411 1450 1587 1498
b 1892 1295 1936 1325
b 1468 12 1588 94
b 1918 49 2000 69
b 1253 1822 1293 1828
b 1381 508 1457 608
b 1840 1266 1896 1398
b 1590 1932 1610 1958
b 912 688 996 704
b 716 1538 732 1614
b 59 1790 125 1872
b 533 1312 575 1448
b 1763 501 1827 555
b 476 1521 512 1571
b 14 1367 82 1455
b 62 1026 110 1120
b 1 903 94 919
b 717 1853 727 1895
b 1073 601 1149 773
b 1911 138 2000 156
b 1565 839 1627 905
b 919 107 1107 185
b 239 286 313 366
b 1070 785 1126 833
b 8 717 96 903
b 985 1392 1057 1476
b 1180 1443 1244 1551
b 333 569 367 607
b 972 1241 1064 1299
b 1134 671 1268 717
b 200 1069 236 1175
b 1578 1612 1754 1640
b 196 149 354 229
b 533 91 627 119
b 1567 1621 1597 1681
b 33 662 119 718
b 642 1126 730 1198
b 1805 1893 1833 1917
b 1259 94 1281 128
b 812 793 858 953
b 1381 1469 1459 1475
b 1099 527 1115 605
b 50 744 180 832
b 419 1147 453 1185
b 1806 1795 1822 1807
b 1599 1709 1763 1729
b 1129 1039 1219 1099
b 1 449 88 535
b 1602 493 1662 525
b 385 1003 429 1175
b 1073 1493 1085 1513
b 141 545 291 603
b 1690 1030 1736 1086
b 1145 1176 1257 1192
b 1852 897 1906 1013
b 619 1 673 95
b 623 1786 713 1816
b 1572 570 1620 738
b 178 78 208 154
b 739 1375 745 1399
b 366 1820 378 1992
b 1922 1803 2000 1811
b 1206 1322 1274 1356
b 1287 384 1461 408
b 1316 1533 1324 1539
b 154 280 192 440
b 508 1686 534 1694
b 1770 821 1848 905
b 1868 912 1910 954
b 1674 1918 1734 1966
b 913 152 943 162
b 834 349 952 381
b 835 1535 911 1617
b 531 1302 619 1348
b 1909 1464 1923 1480
b 1237 1511 1425 1583
b 1605 687 1633 791
b 937 32 1099 38
b 936 361 1020 389
b 1114 1259 1144 1295
b 190 1020 274 1126
b 1058 1488 1092 1536
b 1164 1343 1230 1415
b 1337 1433 1351 1481
b 1253 1959 1331 1977
b 1553 645 1599 821
b 1506 949 1512 1095
b 156 1947 304 1993
b 723 566 759 616
b 1954 406 2000 588
b 1740 135 1852 217
b 467 966 483 1148
b 1103 625 1107 639
b 1118 967 1136 1033
b 1209 1573 1241 1701
b 11 956 15 1072
b 1458 621 1494 671
b 521 81 591 135
b 1364 1537 1396 1623
b 1361 3 1417 153
b 1728 65 1758 151
b 1393 706 1407 772
b 20 1182 88 1252
b 326 1326 392 1446
b 165 1265 211 1279
b 1363 1425 1511 1453
b 1975 874 1979 888
b 1835 1981 2000 1991
b 267 77 303 191
b 1771 1162 1811 1296
b 206 910 214 960
b 1293 1395 1345 1479
b 1722 632 1882 670
b 1029 466 1093 548
b 1221 381 1377 407
b 347 354 429 412
b 1928 1640 1998 1660
b 1357 372 1445 382
b 1274 317 1344 341
b 1267 477 1309 577
b 651 119 767 201
b 274 866 308 878
b 536 1092 696 1100
b 1246 712 1274 856
b 240 1592 326 1716
b 1578 1908 1636 2000
b 596 769 668 809
b 70 284 124 320
b 82 463 126 635
b 1379 932 1393 1014
b 377 1231 381 1277
b 779 278 809 380
b 742 1390 752 1454
b 43 504 191 576
b 1508 345 1532 383
b 1248 489 1364 491
b 1418 1052 1426 1154
b 271 1860 329 1918
b 832 947 992 971
b 1491 562 1575 590
b 390 1106 440 1168
b 328 1407 334 1485
b 1831 1796 1843 1916
b 1089 810 1101 888
b 1832 822 1906 902
b 1731 1767 1817 1937
b 726 97 738 163
b 815 909 877 1019
b 1865 1739 1903 1789
b 903 580 911 622
b 179 288 265 346
b 719 352 749 380
b 282 1351 336 1373
b 824 460 836 468
b 1006 758 1114 800
b 422 1893 510 1953
b 1064 1834 1104 1860
b 1595 1913 1757 1953
b 1577 1156 1599 1196
b 582 935 662 1021
b 1951 1315 2000 1373
b 931 551 941 685
b 586 1216 720 1298
b 1220 1294 1244 1442
b 880 1933 1022 2000
b 183 146 225 252
b 1 1789 121 1835
b 515 1958 559 1974
b 1126 150 1226 200
b 1779 1166 1921 1234
b 1808 1177 1834 1199
b 728 1753 750 1819
b 1756 545 1840 591
b 1696 1124 1756 1306
b 10 504 98 570
b 716 1 836 31
b 1278 874 1304 898
b 861 209 929 379
b 546 315 564 403
b 1287 384 1415 404
b 594 3 674 43
b 416 668 472 674
b 391 1697 435 1885
b 699 1420 773 1452
b 1166 206 1186 288
b 1380 611 1402 653
b 315 269 403 281
b 794 1355 800 1535
b 132 1355 316 1411
b 1774 1906 1794 1958
b 1342 1241 1372 1361
b 389 1064 477 1140
b 1785 60 1841 136
b 1463 1568 1611 1602
b 458 598 518 602
b 153 688 275 730
b 1314 1210 1384 1352
b 1052 1639 1082 1663
b 1868 62 1912 122
b 905 1145 971 1147
b 1359 277 1381 363
b 178 1847 358 1897
b 1462 1663 1518 1725
b 1104 1025 1144 1059
b 262 479 344 547
b 1321 1077 1371 1083
b 1131 1174 1151 1182
b 1139 169 1221 297
b 1186 1320 1226 1332
b 1106 427 1256 495
b 693 365 745 429
b 29 97 111 261
b 843 434 919 522
b 658 1986 748 2000
b 1187 1642 1315 1700
b 1126 1024 1196 1082
b 876 1273 932 1281
b 419 484 445 656
b 952 1209 1006 1353
b 1506 1856 1552 1946
b 272 142 274 174
b 1036 1591 1050 1699
b 562 1692 598 1842
b 1940 1219 1944 1297
b 1790 1839 1804 1985
b 1367 721 1403 807
b 1725 9 1731 187
b 538 1070 582 1244
b 413 867 447 983
b 727 1808 783 1892
b 615 416 715 468
b 142 1267 170 1409
b 453 1594 469 1600
b 126 1547 262 1555
b 1211 1173 1267 1229
b 197 49 239 211
b 380 229 512 253
b 866 1614 918 1680
b 1038 468 1054 520
b 804 1160 844 1246
b 496 1592 660 1674
b 965 1893 1011 2000
b 190 1057 338 1135
b 254 710 404 734
b 67 1577 135 1641
b 354 355 408 423
b 423 303 573 385
b 1687 1326 1861 1402
b 1557 173 1645 285
b 19 1 75 131
b 1167 1365 1201 1507
b 1119 801 1291 825
b 518 500 528 656
b 658 1365 668 1463
b 648 244 718 400
b 1601 538 1733 546
b 678 1968 818 1998
b 237 890 389 892
b 1370 903 1540 953
b 1204 1340 1206 1444
b 1321 860 1401 954
b 1184 909 1204 1065
b 1817 346 1821 482
b 169 1393 197 1491
b 1562 832 1656 896
b 947 984 1031 1144
b 1768 1011 1830 1057
b 1214 408 1274 552
b 1469 913 1485 1095
b 581 1738 735 1818
b 1396 1598 1446 1618
b 1934 1506 2000 1562
b 1810 1434 1826 1522
b 188 874 296 932
b 1734 1713 1748 1809
b 185 1652 373 1670
b 307 1974 335 1980
b 1054 666 1118 764
b 897 1406 925 1460
b 944 1322 1032 1464
b 1124 317 1150 331
b 764 1202 824 1216
b 281 514 307 684
b 1820 624 2000 670
b 776 794 786 960
b 1809 318 1873 370
b 741 1673 747 1675
b 534 1284 620 1368
b 1570 1803 1584 1909
b 1483 1225 1563 1235
b 1355 975 1405 1109
b 1705 273 1787 369
b 346 167 398 353
b 1797 501 1879 599
b 62 1529 82 1627
b 54 420 120 580
b 1246 545 1394 623
b 524 1406 578 1570
b 230 313 252 419
b 29 1274 79 1350
b 1661 1276 1745 1320
b 52 419 222 501
b 1512 1900 1558 1964
b 941 552 979 628
b 490 514 544 654
b 1636 120 1644 250
b 1007 1231 1061 1341
b 594 407 666 415
b 99 1260 171 1320
b 1240 1678 1422 1708
b 483 1667 519 1755
b 667 1431 685 1453
b 1350 1408 1520 1452
b 310 700 332 842
b 1835 908 1845 942
b 1135 761 1151 893
b 1722 1845 1754 1979
b 1203 1004 1239 1058
b 519 976 543 1090
b 887 1471 939 1553
b 1130 1140 1216 1296
b 1586 767 1590 899
b 1549 994 1575 1060
b 1842 842 1894 890
b 531 1868 555 1940
b 1009 615 1031 713
b 1558 833 1668 845
b 253 1093 395 1165
b 1221 1369 1283 1481
b 1435 1233 1623 1315
b 358 1451 436 1627
b 337 1877 363 2000
b 654 898 742 944
b 1315 572 1389 688
b 658 312 766 320
b 1323 348 1353 428
b 678 1 720 40
b 171 603 253 707
b 841 1555 991 1577
b 18 1439 78 1447
b 1669 1051 1727 1057
b 1505 1613 1695 1699
b 1310 277 1354 421
b 202 800 322 834
b 1239 105 1299 111
b 1406 1232 1542 1278
b 495 634 503 822
b 544 1547 578 1699
b 295 517 367 571
b 234 208 314 272
b 1639 806 1661 892
b 704 695 882 753
b 896 1578 914 1692
b 1464 790 1590 846
b 876 825 936 995
b 72 1134 74 1168
b 1168 358 1356 422
b 1544 263 1722 331
b 414 159 526 237
b 688 386 764 568
b 1284 1201 1316 1325
b 1153 626 1255 670
b 350 1916 396 1970
b 1326 1894 1510 1978
b 1479 561 1575 645
b 210 1637 252 1705
b 1751 1152 1827 1154
b 59 1631 211 1691
b 86 88 146 212
b 392 1662 478 1664
b 1595 719 1637 799
b 260 1600 344 1646
b 81 764 133 882
b 323 232 391 240
b 1590 1547 1676 1557
b 533 1045 697 1065
b 1163 957 1347 981
b 1451 638 1455 678
b 128 1220 198 1352
b 111 1492 177 1506
b 1986 1047 1988 1087
b 193 1075 369 1155
b 1716 943 1746 1045
b 147 925 149 939
b 9 1343 89 1355
b 1446 1053 1528 1063
b 1243 1427 1305 1467
b 1916 384 1980 398
b 1505 730 1555 810
b 795 1371 853 1559
b 1577 857 1705 899
b 452 1566 526 1592
b 386 442 404 466
b 1454 516 1522 690
b 1749 361 1827 501
b 1677 437 1753 439
b 202 879 224 893
b 969 958 1011 1144
b 603 926 697 946
b 1909 1288 1995 1364
b 797 1376 985 1420
b 1065 41 1149 103
b 1385 1211 1451 1257
b 1813 1577 1951 1635
b 1768 1707 1796 1873
b 1343 697 1409 841
b 1850 1504 1916 1526
b 1464 294 1518 404
b 1576 1011 1646 1109
b 746 1 758 126
b 1704 396 1854 474
b 944 885 964 991
b 1097 822 1109 866
b 1281 991 1319 1153
b 117 1494 195 1620
b 1741 173 1861 255
b 1288 821 1312 897
b 516 1907 590 1955
b 1240 362 1306 396
b 159 1924 185 2000
b 1739 1370 1749 1558
b 1922 1 1928 60
b 1 1679 53 1701
b 998 188 1172 234
b 1834 16 1846 118
b 1802 445 1850 453
b 1410 1276 1422 1332
b 478 1487 520 1605
b 965 1631 1027 1653
b 603 709 685 777
b 975 1388 1021 1476
b 366 1012 376 1068
b 1903 1248 1927 1264
b 1359 305 1493 371
b 347 278 369 354
b 893 589 937 663
b 244 1747 264 1801
b 1628 536 1794 624
b 602 118 652 152
b 867 250 941 362
b 245 1680 323 1684
b 224 1439 312 1597
b 1519 1527 1607 1653
b 1011 1615 1101 1637
b 1486 24 1516 100
b 1922 350 1984 510
b 1190 860 1260 936
b 131 1780 181 1790
b 10 1037 20 1089
b 776 1804 944 1878
b 429 1402 469 1480
b 973 343 991 417
b 189 1719 225 1893
b 1657 848 1831 858
b 859 1094 1005 1160
b 678 1175 814 1233
b 1376 106 1384 194
b 1885 32 1919 68
b 1925 523 1975 597
b 813 1878 815 1994
b 437 1547 489 1565
b 784 1289 798 1365
t 1743 1061 1788 725 2
t 1922 1562 1833 1150 7
t 492 1408 775 1481 6
t 1931 343 1996 278 5
t 1762 1005 1726 889 7
t 571 640 627 921 5
t 1013 935 1334 852 6
t 1285 1584 954 1580 1
t 1864 1777 1851 1976 9
t 1918 784 1677 980 8
t 387 762 677 794 5
t 366 1198 783 1083 5
t 344 283 716 615 9
t 212 1019 325 623 8
t 1672 1433 1439 1686 10
t 457 1255 400 1229 8
t 770 1057 1080 919 2
t 1542 1352 1458 1512 6
t 1086 1987 1521 1807 9
t 298 836 788 872 5
t 582 1513 241 1177 2
t 1380 1505 1818 1638 2
t 483 585 538 435 5
t 1457 801 1537 873 8
t 297 861 188 974 9
t 614 531 833 543 6
t 1684 1459 1445 1871 2
t 1043 1510 1206 1627 9
t 131 1364 431 1343 1
t 1924 1051 1645 1234 10
t 1626 1403 1328 1666 5
t 843 256 603 305 9
t 964 1910 684 1523 7
t 1990 1693 1656 1327 10
t 1921 1134 1925 768 6
t 1042 1533 775 1390 1
t 228 1259 279 1314 8
t 850 178 782 403 1
t 1994 695 1687 670 10
t 955 1716 714 1527 9
t 416 1416 627 1415 9
t 1305 1860 1085 1933 4
t 863 1485 728 1500 4
t 247 1351 429 1648 7
