512,64,64,18.697649
512,64,8,18.699091
512,64,16,18.700348
512,64,25,18.700440
512,64,10,18.701855
512,64,128,18.702911
512,64,256,18.709221
256,64,64,18.803155
256,64,25,18.806462
256,64,16,18.807373
128,64,10,18.808785
128,64,32,18.809978
256,64,32,18.810113
128,64,8,18.810252
128,64,64,18.810651
256,64,256,18.811070
256,64,8,18.811436
256,64,10,18.812486
128,64,25,18.812567
128,64,16,18.813085
128,64,256,18.816904
256,64,128,18.819082
128,64,128,18.821512
512,32,64,19.302871
512,32,128,19.307208
512,16,256,19.307312
512,16,128,19.307527
512,32,8,19.307791
512,32,256,19.308304
512,16,16,19.308481
512,16,10,19.308611
512,16,8,19.310903
512,32,10,19.312397
512,16,64,19.312561
512,16,25,19.313550
512,32,25,19.315460
512,32,16,19.315526
256,16,25,19.413321
256,16,32,19.414266
256,32,10,19.414399
256,32,25,19.415763
256,16,64,19.415933
256,16,10,19.416131
256,32,16,19.416496
256,32,8,19.416621
256,32,128,19.417718
256,32,64,19.418589
128,16,8,19.418947
256,32,32,19.419182
128,16,16,19.419444
128,16,128,19.420758
256,16,16,19.420787
256,16,128,19.421323
256,16,8,19.421536
128,16,32,19.421539
128,16,10,19.421989
128,16,256,19.423759
128,32,10,19.424198
128,16,64,19.424213
128,32,32,19.424808
256,16,256,19.426502
128,32,25,19.427338
128,32,128,19.429253
256,32,256,19.429320
128,16,25,19.429411
128,32,8,19.429938
128,32,64,19.431412
128,32,256,19.434178
128,32,16,19.435408
512,128,8,19.634514
512,128,25,19.634729
512,128,16,19.636860
512,128,10,19.639872
512,8,8,19.766728
512,8,25,19.769321
512,8,16,19.772897
512,8,10,19.773702
256,8,8,19.872327
256,8,16,19.873624
256,8,25,19.873804
256,8,10,19.874425
128,8,25,19.877536
128,8,8,19.878069
128,8,16,19.882723
128,8,10,19.883325
64,64,32,20.515737
64,64,10,20.523397
64,64,256,20.527163
64,64,64,20.527796
64,64,16,20.532507
64,64,25,20.534073
64,64,128,20.539929
64,64,8,20.540313
64,16,128,21.128573
64,16,32,21.129972
64,16,8,21.134129
64,16,256,21.135828
64,32,64,21.137893
64,16,64,21.139399
64,32,16,21.139936
64,32,256,21.141263
64,32,25,21.141697
64,32,32,21.142688
64,16,25,21.144927
64,16,10,21.145022
64,32,8,21.146372
64,32,10,21.148115
64,32,128,21.152189
64,16,16,21.153407
512,4,25,21.249822
512,4,8,21.251462
512,4,16,21.251994
512,4,10,21.258641
256,4,16,21.355823
256,4,10,21.357639
256,4,8,21.359006
256,4,25,21.361107
128,4,16,21.363259
128,4,8,21.365303
128,4,25,21.369758
128,4,10,21.370898
64,8,8,21.586476
64,8,25,21.594321
64,8,16,21.600296
64,8,10,21.611436
512,256,8,22.209397
512,256,16,22.217793
512,256,10,22.221565
512,256,25,22.222438
256,256,10,22.310317
256,256,25,22.325607
256,256,8,22.331494
256,256,16,22.336932
64,4,25,23.079668
64,4,10,23.082231
64,4,8,23.084670
64,4,16,23.086673
512,2,25,25.175290
512,2,8,25.175935
512,2,16,25.177021
512,2,10,25.179009
256,2,10,25.284217
256,2,16,25.285536
256,2,8,25.286734
128,2,25,25.291855
256,2,25,25.292254
128,2,10,25.294021
128,2,8,25.294725
128,2,16,25.296807
64,2,8,27.002307
64,2,16,27.003235
64,2,10,27.007507
64,2,25,27.014538
32,64,25,30.355113
32,64,8,30.359818
32,64,10,30.364008
32,64,16,30.365200
32,16,25,30.958217
32,32,10,30.961504
32,16,10,30.962522
32,16,16,30.971957
32,32,25,30.985165
32,32,16,30.991920
32,32,8,30.994829
32,16,8,30.996261
32,8,10,31.419460
32,8,16,31.423487
32,8,25,31.431257
32,8,8,31.440201
32,4,10,32.921835
32,4,25,32.925010
32,4,16,32.930722
32,4,8,32.934002
32,2,25,36.838033
32,2,16,36.839313
32,2,8,36.846985
32,2,10,36.849772
16,64,25,53.260650
16,64,10,53.281221
16,64,8,53.350396
16,64,16,53.378537
16,32,8,53.889799
16,32,16,53.890205
16,16,10,53.892168
16,16,25,53.900552
16,16,8,53.955761
16,16,16,53.958433
16,32,25,54.004974
16,32,10,54.007213
16,8,10,54.344609
16,8,16,54.362137
16,8,25,54.429205
16,8,8,54.434704
16,4,16,55.861614
16,4,8,55.897852
16,4,10,55.899227
16,4,25,55.912834
16,2,25,59.756620
16,2,16,59.765547
16,2,8,59.816490
16,2,10,59.837606
8,64,10,100.058473
8,64,25,100.076379
8,64,8,100.224860
8,64,16,100.229525
8,16,25,100.656780
8,32,16,100.659295
8,16,8,100.677056
8,32,25,100.690108
8,16,10,100.703027
8,32,8,100.714824
8,32,10,100.729157
8,16,16,100.780675
8,8,16,101.145408
8,8,8,101.200177
8,8,10,101.256463
8,8,25,101.304678
8,4,10,102.586565
8,4,25,102.641358
8,4,16,102.667553
8,4,8,102.735150
8,2,16,106.564875
8,2,8,106.615832
8,2,10,106.678310
8,2,25,106.687230
